PN
89014
41423
85506
85509
85511
89911
89899
62988
89640
89970
89987
62999
89972
89971
89986
18293
18291
85722
89812
89418
89004
88417
88340
89704
89612
89177
41914
62427
86214
62600
62792
12498
47224
12583
18026
12497
88917
62793
12672
12673
62748
65474
85645
83410
65328
89858
63326
65269
65012
65471
62499
65342
85395
60194
65324
66430
65302
66404
66419
82133
81319
85160
85147
85122
85016
85850
85350
41825
18296
11488
65201
66266
18299
18298
85126
86208
63206
18282
43259
18378
86177
86893
43361
18984
19403
86933
80218
85817
66866
87046
89836
89013
87009
18288
87983
80217
80322
64203
18983
80338
89411
82814
85976
80371
65902
87027
18347
89690
88092
80301
66732
88118
60464
80429
80427
60597
80418
67021
60593
19098
87042
80493
66551
85397
89965
67029
80318
80806
88212
18452
66676
80113
80444
80146
80311
80364
90176
19557
80426
80424
80147
87893
80328
80387
60615
67020
80326
80314
80182
80323
80148
90174
19619
20947
83515
19515
18895
19727
83514
20834
20804
66870
64053
18934
80416
20829
11484
88136
64235
20820
66073
66872
80476
20833
18931
20838
80437
85766
62431
86825
20837
19111
80474
88097
80641
80912
80625
62520
86220
80854
20895
82682
67091
80467
67073
82680
67080
67081
80026
20868
81008
85504
64107
80576
67141
67126
87949
81122
80575
64097
83002
80574
60659
80620
90642
80604
66670
64170
90113
81428


